Log file for the puzzle
253716048 0 1-1-12
	253016748 1 34-15
		053216748 3 -19-110
			253016748 9 2526-127
				053216748 25 -173-174
					203156748 173 -1501502503
					253146708 174 504-1505506
				253716048 26 75-1-176
					253016748 175 507508-1509
					253160748 176 510511512-1
				253106748 27 77787980
			503216748 10 -1282930
				513206748 28 81828384
				053216748 29 -185-186
				530216748 30 -18788-1
		253716048 4 11-1-112
			253016748 11 3132-133
				053216748 31 -189-190
				253716048 32 91-1-192
				253106748 33 93949596
			253716408 12 34-13536
				253706418 34 979899100
				253716048 35 101-1-1102
				253716480 36 103-1104-1
		253106748 5 13141516
			203156748 13 -1373839
				253106748 37 105106107108
				023156748 38 -1109-1110
				230156748 39 -1111112-1
			253146708 14 40-14142
			253016748 15 4344-145
			253160748 16 464748-1
	253716408 2 6-178
		253706418 6 17181920
			203756418 17 -1495051
			253716408 18 52-15354
			253076418 19 5556-157
			253760418 20 585960-1
		253716048 7 21-1-122
			253016748 21 6162-163
			253716408 22 64-16566
		253716480 8 23-124-1
			253710486 23 676869-1
			253716408 24 70-17172